0,13
1,13
2,13
3,13
4,13
5,13
6,13
7,13
8,13
9,13
10,13
11,13
12,13
13,13
14,13
15,13
16,13
17,13
18,13
19,13
20,13
21,13
22,13
23,13
24,13
25,13
26,13
27,13
28,13
29,13
30,13
31,13
32,13
33,13
34,13
35,13
36,13
37,13
38,13
39,13
40,13
41,13
42,13
43,13
44,13
45,13
46,13
47,13
48,13
49,13
50,13
51,13
52,13
53,13
54,13
55,13
56,13
57,13
58,13
59,13
60,13
61,13
62,13
63,13
64,13
65,13
66,13
67,13
68,13
69,13
70,13
71,13
72,13
73,13
74,13
75,13
76,13
77,13
78,13
79,13
80,13
81,13
82,13
83,13
84,13
85,13
86,13
87,13
88,13
89,13
90,13
91,13
92,13
93,13
94,13
95,13
96,13
97,13
98,13
99,13
100,13
101,13
102,13
103,13
104,13
105,13
106,13
107,13
108,13
109,13
110,13
111,13
112,13
113,13
114,13
115,13
116,13
117,13
118,13
119,13
120,13
121,13
122,13
123,13
124,13
125,13
126,13
127,13
128,13
129,13
130,13
131,13
132,13
133,13
134,13
135,13
136,13
137,13
138,13
139,13
140,13
141,13
142,13
143,13
144,13
145,13
146,13
147,13
148,13
149,13
150,13
151,13
152,13
153,13
154,13
155,13
156,13
157,13
158,13
159,13
160,13
161,13
162,13
163,13
164,13
165,13
166,13
167,13
168,13
169,13
170,13
171,13
172,13
173,13
174,13
175,13
176,13
177,13
178,13
179,12
180,12
181,12
182,12
183,12
184,12
185,12
186,12
187,12
188,12
189,12
190,12
191,12
192,12
193,12
194,12
195,12
196,12
197,12
198,12
199,12
200,12
201,12
202,12
203,12
204,12
205,12
206,12
207,12
208,12
209,12
210,12
211,12
212,12
213,12
214,12
215,12
216,12
217,12
218,12
219,12
220,12
221,12
222,12
223,12
224,12
225,12
226,12
227,12
228,12
229,12
230,12
231,12
232,12
233,12
234,12
235,12
236,12
237,12
238,12
239,12
240,12
241,12
242,12
243,12
244,12
245,12
246,12
247,12
248,12
249,12
250,12
251,12
252,12
253,12
254,12
255,12
256,12
257,12
258,12
259,12
260,12
261,12
262,12
263,12
264,12
265,12
266,12
267,12
268,12
269,12
270,12
271,12
272,12
273,12
274,12
275,12
276,12
277,12
278,12
279,12
280,12
281,12
282,12
283,12
284,12
285,12
286,12
287,12
288,12
289,12
290,12
291,12
292,12
293,12
294,12
295,12
296,12
297,12
298,12
299,12
300,12
301,12
302,12
303,12
304,12
305,12
306,12
307,12
308,12
309,12
310,12
311,12
312,12
313,12
314,12
315,12
316,12
317,12
318,12
319,12
320,12
321,12
322,12
323,12
324,12
325,12
326,12
327,12
328,12
329,12
330,12
331,12
332,12
333,12
334,12
335,12
336,12
337,12
338,12
339,12
340,12
341,12
342,12
343,12
344,12
345,12
346,12
347,12
348,12
349,12
350,12
351,12
352,12
353,12
354,12
355,12
356,12
357,12
358,12
359,12
360,12
361,12
362,12
363,12
364,12
365,12
366,12
367,12
368,12
369,12
370,12
371,12
372,12
373,12
374,12
375,12
376,12
377,12
378,12
379,12
380,12
381,12
382,12
383,12
384,12
385,12
386,12
387,12
388,12
389,12
390,12
391,12
392,12
393,12
394,12
395,12
396,12
397,12
398,12
399,12
400,12
401,12
402,12
403,12
404,12
405,12
406,12
407,12
408,12
409,12
410,12
411,12
412,12
413,12
414,12
415,12
416,12
417,12
418,12
419,12
420,12
421,12
422,12
423,12
424,12
425,12
426,12
427,12
428,12
429,12
430,12
431,12
432,12
433,12
434,12
435,12
436,12
437,12
438,12
439,12
440,12
441,12
442,12
443,12
444,12
445,12
446,12
447,12
448,12
449,12
450,12
451,12
452,12
453,12
454,12
455,12
456,12
457,11
458,12
459,12
460,12
461,12
462,12
463,12
464,12
465,12
466,12
467,12
468,12
469,12
470,12
471,12
472,12
473,12
474,12
475,12
476,12
477,12
478,12
479,12
480,12
481,12
482,12
483,12
484,12
485,12
486,12
487,12
488,12
489,12
490,12
491,12
492,12
493,12
494,12
495,12
496,12
497,12
498,12
499,12
500,11
501,11
502,11
503,11
504,11
505,11
506,11
507,11
508,11
509,11
510,11
511,11
512,11
513,11
514,11
515,11
516,11
517,11
518,11
519,11
520,11
521,11
522,11
523,11
524,11
525,11
526,11
527,11
528,11
529,11
530,11
531,11
532,11
533,11
534,11
535,11
536,11
537,11
538,11
539,11
540,11
541,11
542,11
543,11
544,11
545,11
546,11
547,11
548,11
549,11
550,11
551,11
552,11
553,11
554,11
555,11
556,11
557,11
558,11
559,11
560,11
561,11
562,11
563,11
564,11
565,11
566,11
567,11
568,11
569,11
570,11
571,11
572,11
573,11
574,11
575,11
576,11
577,11
578,11
579,11
580,11
581,11
582,11
583,11
584,11
585,11
586,11
587,11
588,11
589,11
590,11
591,11
592,11
593,11
594,11
595,11
596,11
597,11
598,11
599,11
600,11
601,11
602,11
603,11
604,11
605,11
606,11
607,11
608,11
609,11
610,11
611,11
612,11
613,11
614,11
615,11
616,11
617,11
618,11
619,11
620,11
621,11
622,11
623,11
624,11
625,11
626,11
627,11
628,11
629,11
630,11
631,11
632,11
633,11
634,11
635,11
636,11
637,11
638,11
639,11
640,11
641,11
642,11
643,11
644,11
645,11
646,11
647,11
648,11
649,11
650,11
651,11
652,11
653,11
654,11
655,11
656,11
657,11
658,11
659,11
660,11
661,11
662,11
663,11
664,11
665,11
666,11
667,11
668,11
669,11
670,11
671,11
672,11
673,11
674,11
675,11
676,11
677,11
678,11
679,11
680,11
681,11
682,11
683,11
684,11
685,11
686,11
687,11
688,11
689,11
690,11
691,11
692,11
693,11
694,11
695,11
696,11
697,11
698,11
699,11
700,11
701,11
702,11
703,11
704,11
705,11
706,11
707,11
708,11
709,11
710,11
711,11
712,11
713,11
714,11
715,11
716,11
717,11
718,11
719,11
720,11
721,11
722,11
723,11
724,11
725,11
726,11
727,11
728,11
729,11
730,11
731,11
732,11
733,11
734,11
735,11
736,11
737,11
738,11
739,11
740,11
741,11
742,11
743,11
744,11
745,11
746,11
747,11
748,11
749,11
750,11
751,11
752,11
753,11
754,11
755,11
756,11
757,11
758,11
759,11
760,11
761,11
762,11
763,11
764,11
765,11
766,11
767,11
768,11
769,11
770,11
771,10
772,10
773,10
774,10
775,10
776,10
777,10
778,10
779,10
780,10
781,10
782,10
783,10
784,10
785,10
786,10
787,10
788,10
789,10
790,10
791,10
792,10
793,10
794,10
795,10
796,10
797,10
798,10
799,10
800,10
801,10
802,10
803,10
804,10
805,10
806,10
807,10
808,10
809,10
810,10
811,10
812,10
813,10
814,10
815,10
816,10
817,10
818,10
819,10
820,10
821,10
822,10
823,10
824,10
825,10
826,10
827,10
828,10
829,10
830,10
831,10
832,10
833,10
834,10
835,10
836,10
837,10
838,10
839,10
840,10
841,10
842,10
843,10
844,10
845,10
846,10
847,10
848,10
849,10
850,10
851,10
852,10
853,10
854,10
855,10
856,10
857,10
858,10
859,10
860,10
861,10
862,10
863,10
864,10
865,10
866,10
867,10
868,10
869,10
870,10
871,10
872,10
873,10
874,10
875,10
876,10
877,10
878,10
879,10
880,10
881,10
882,10
883,10
884,10
885,10
886,10
887,10
888,10
889,10
890,10
891,10
892,10
893,10
894,10
895,10
896,10
897,10
898,10
899,10
900,10
901,10
902,10
903,10
904,10
905,10
906,10
907,10
908,10
909,10
910,10
911,10
912,10
913,10
914,10
915,10
916,10
917,10
918,10
919,10
920,10
921,10
922,10
923,10
924,10
925,10
926,10
927,10
928,10
929,10
930,10
931,10
932,10
933,10
934,10
935,10
936,10
937,10
938,10
939,10
940,10
941,10
942,10
943,10
944,10
945,10
946,10
947,10
948,10
949,10
950,10
951,10
952,10
953,10
954,10
955,10
956,10
957,10
958,10
959,10
960,10
961,10
962,10
963,10
964,10
965,10
966,10
967,10
968,10
969,10
970,10
971,10
972,10
973,10
974,10
975,10
976,10
977,10
978,10
979,10
980,10
981,10
982,10
983,10
984,10
985,10
986,10
987,10
988,10
989,10
990,10
991,10
992,10
993,10
994,10
995,10
996,10
997,10
998,10
999,10
1000,10
1001,10
1002,10
1003,10
1004,10
1005,10
1006,10
1007,10
1008,10
1009,10
1010,10
1011,10
1012,10
1013,10
1014,10
1015,10
1016,10
1017,10
1018,10
1019,10
1020,10
1021,10
1022,10
1023,10
1024,10
1025,10
1026,10
1027,10
1028,10
1029,10
1030,10
1031,10
1032,10
1033,10
1034,10
1035,10
1036,10
1037,10
1038,10
1039,10
1040,10
1041,10
1042,10
1043,10
1044,10
1045,10
1046,10
1047,10
1048,10
1049,10
1050,10
1051,10
1052,10
1053,10
1054,10
1055,10
1056,10
1057,10
1058,10
1059,11
1060,11
1061,11
1062,11
1063,11
1064,11
1065,11
1066,11
1067,11
1068,11
1069,11
1070,11
1071,11
1072,11
1073,11
1074,11
1075,11
1076,11
1077,11
1078,11
1079,11
1080,11
1081,11
1082,11
1083,11
1084,11
1085,11
1086,11
1087,11
1088,11
1089,11
1090,11
1091,11
1092,11
1093,11
1094,11
1095,11
1096,11
1097,11
1098,11
1099,11
1100,11
1101,11
1102,11
1103,11
1104,11
1105,11
1106,11
1107,11
1108,11
1109,11
1110,11
1111,11
1112,11
1113,11
1114,11
1115,11
1116,11
1117,11
1118,11
1119,11
1120,11
1121,11
1122,11
1123,11
1124,11
1125,11
1126,11
1127,11
1128,11
1129,11
1130,11
1131,11
1132,11
1133,11
1134,11
1135,11
1136,11
1137,11
1138,11
1139,11
1140,11
1141,11
1142,11
1143,11
1144,11
1145,11
1146,11
1147,11
1148,11
1149,11
1150,11
1151,11
1152,11
1153,11
1154,11
1155,11
1156,11
1157,11
1158,11
1159,11
1160,11
1161,11
1162,11
1163,11
1164,11
1165,11
1166,11
1167,11
1168,11
1169,11
1170,11
1171,11
1172,11
1173,11
1174,11
1175,11
1176,11
1177,11
1178,11
1179,11
1180,11
1181,11
1182,11
1183,11
1184,11
1185,11
1186,11
1187,11
1188,11
1189,11
1190,11
1191,11
1192,11
1193,11
1194,11
1195,11
1196,11
1197,11
1198,11
1199,11
1200,11
1201,11
1202,11
1203,11
1204,11
1205,11
1206,11
1207,11
1208,11
1209,11
1210,11
1211,11
1212,11
1213,11
1214,11
1215,11
1216,11
1217,11
1218,11
1219,11
1220,11
1221,11
1222,11
1223,11
1224,11
1225,11
1226,11
1227,11
1228,11
1229,11
1230,11
1231,11
1232,11
1233,11
1234,11
1235,11
1236,11
1237,11
1238,11
1239,11
1240,11
1241,11
1242,11
1243,11
1244,11
1245,11
1246,11
1247,11
1248,11
1249,11
1250,11
1251,11
1252,11
1253,11
1254,11
1255,11
1256,11
1257,11
1258,11
1259,11
1260,11
1261,11
1262,11
1263,11
1264,11
1265,11
1266,11
1267,11
1268,11
1269,11
1270,11
1271,11
1272,11
1273,11
1274,11
1275,11
1276,11
1277,11
1278,11
1279,11
1280,11
1281,11
1282,11
1283,11
1284,11
1285,11
1286,11
1287,11
1288,11
1289,11
1290,11
1291,11
1292,11
1293,11
1294,11
1295,11
1296,11
1297,11
1298,11
1299,11
1300,11
1301,11
1302,11
1303,11
1304,11
1305,11
1306,11
1307,11
1308,11
1309,11
1310,11
1311,11
1312,11
1313,11
1314,11
1315,11
1316,11
1317,11
1318,11
1319,11
1320,11
1321,11
1322,11
1323,11
1324,11
1325,11
1326,11
1327,11
1328,11
1329,11
1330,11
1331,11
1332,11
1333,11
1334,11
1335,11
1336,10
1337,10
1338,10
1339,10
1340,10
1341,10
1342,10
1343,10
1344,10
1345,10
1346,10
1347,10
1348,10
1349,10
1350,10
1351,10
1352,10
1353,10
1354,10
1355,10
1356,10
1357,10
1358,10
1359,10
1360,10
1361,10
1362,10
1363,10
1364,10
1365,10
1366,10
1367,10
1368,10
1369,10
1370,10
1371,10
1372,10
1373,10
1374,10
1375,10
1376,10
1377,10
1378,10
1379,10
1380,10
1381,10
1382,10
1383,10
1384,10
1385,10
1386,10
1387,10
1388,10
1389,10
1390,10
1391,10
1392,10
1393,10
1394,10
1395,10
1396,10
1397,10
1398,10
1399,10
1400,10
1401,10
1402,10
1403,10
1404,10
1405,10
1406,10
1407,10
1408,10
1409,10
1410,10
1411,10
1412,9
1413,9
1414,10
1415,9
1416,9
1417,9
1418,9
1419,9
1420,9
1421,9
1422,9
1423,9
1424,9
1425,9
1426,9
1427,9
1428,9
1429,9
1430,9
1431,9
1432,9
1433,9
1434,9
1435,9
1436,9
1437,9
1438,9
1439,9
1440,9
1441,9
1442,9
1443,9
1444,9
1445,9
1446,9
1447,9
1448,9
1449,9
1450,9
1451,9
1452,9
1453,9
1454,9
1455,9
1456,9
1457,9
1458,9
1459,9
1460,9
1461,9
1462,9
1463,9
1464,9
1465,9
1466,9
1467,9
1468,9
1469,9
1470,9
1471,9
1472,9
1473,9
1474,9
1475,9
1476,9
1477,9
1478,9
1479,9
1480,9
1481,9
1482,9
1483,9
1484,9
1485,9
1486,9
1487,9
1488,9
1489,9
1490,9
1491,9
1492,9
1493,9
1494,9
1495,9
1496,9
1497,9
1498,9
1499,9
1500,9
